Faktors: f 

 f0  f1 f10 f15 f16 f17 f18  f2  f3  f4  f5  f6  f7  f8  f9 
  5   5   5   5   5   5   5   5   5   5   5   5   5   5   5 

Faktors: f 

 f0  f1 f10 f15 f16 f17 f18  f2  f3  f4  f5  f6  f7  f8  f9 
  5   5   5   5   5   5   5   5   5   5   5   5   5   5   5 

Faktors: f 

 f0  f1 f10 f15 f16 f17 f18  f2  f3  f4  f5  f6  f7  f8  f9 
  5   5   5   5   5   5   5   5   5   5   5   5   5   5   5 

0.08941720 0.16604522 0.68266457 0.33887500 0.28004921
[13] 0.07310996 0.10180725 0.31976144

$b1
 [1] 0.7475877 0.9320428 0.3115343 0.5412280 1.2164115 0.9339994 0.9386754
 [8] 1.0921456 1.4397581 0.5711545 0.8259717 0.9092583 1.3302332 1.8162450
[15] 0.8797923

$b2
 [1] 0.13958054 7.50347725 8.63724444 0.42200306 0.49994767 0.71019729
 [7] 0.71184791 0.09180146 0.28399900 1.54758419 0.04800914 0.01576736
[13] 0.22585483 0.24093164 0.02211542

$b5
 [1] 0.32288969 0.32601723 0.91670637 1.78138311 0.14605925 0.43504657
 [7] 0.43576896 0.05668434 0.12914171 0.53385220 0.22842593 0.18772207
[13] 0.07423882 0.03473446 0.17729895

$b6
 [1] 0.246613843 0.086959907 0.865029679 1.832600395 0.124974294 0.494503763
 [7] 0.494449475 0.007929586 0.195162166 0.475501937 0.179779882 0.143565442
[13] 0.129354916 0.163001198 0.122230778


Sadalītā Slope vērtības pēc b faktora:
$b0
 [1] 0.41569712 0.17220389 1.03579328 3.21554348 0.04687443 0.15487767
 [7] 0.15409201 0.08941720 0.16604522 0.68266457 0.33887500 0.28004921
[13] 0.07310996 0.10180725 0.31976144

$b1
 [1] 0.7475877 0.9320428 0.3115343 0.5412280 1.2164115 0.9339994 0.9386754
 [8] 1.0921456 1.4397581 0.5711545 0.8259717 0.9092583 1.3302332 1.8162450
[15] 0.8797923

$b2
 [1] 0.13958054 7.50347725 8.63724444 0.42200306 0.49994767 0.71019729
 [7] 0.71184791 0.09180146 0.28399900 1.54758419 0.04800914 0.01576736
[13] 0.22585483 0.24093164 0.02211542

$b5
 [1] 0.32288969 0.32601723 0.91670637 1.78138311 0.14605925 0.43504657
 [7] 0.43576896 0.05668434 0.12914171 0.53385220 0.22842593 0.18772207
[13] 0.07423882 0.03473446 0.17729895

$b6
 [1] 0.246613843 0.086959907 0.865029679 1.832600395 0.124974294 0.494503763
 [7] 0.494449475 0.007929586 0.195162166 0.475501937 0.179779882 0.143565442
[13] 0.129354916 0.163001198 0.122230778


prockordat dati:
 [1] Intercept     Slope         ICerror       SLerror       r.squared    
 [6] adj.r.squared RMSD          MAD           b             f            
[11] Average      
<0 rows> (or 0-length row.names)
